0 2
0 14
0 17
0 19
0 21
0 29
0 44
0 45
0 53
0 57
0 60
0 61
0 64
0 68
0 69
0 73
0 87
0 99
0 100
0 108
0 113
0 116
0 119
0 120
0 126
0 136
0 144
0 147
0 148
0 151
0 154
0 156
0 167
0 169
0 180
0 188
0 190
0 194
0 197
0 200
0 202
0 204
0 205
0 209
0 213
0 214
0 216
0 223
0 229
0 233
0 240
0 245
0 255
0 259
0 260
0 264
0 268
0 274
0 280
0 284
0 287
0 289
0 292
0 296
0 308
0 310
0 316
0 318
0 323
1 99
1 164
1 182
1 216
1 278
2 7
2 17
2 25
2 31
2 37
2 44
2 45
2 53
2 55
2 57
2 61
2 68
2 69
2 73
2 80
2 87
2 88
2 106
2 113
2 116
2 120
2 122
2 132
2 144
2 147
2 151
2 167
2 169
2 180
2 194
2 197
2 202
2 203
2 204
2 205
2 209
2 214
2 220
2 237
2 239
2 240
2 250
2 260
2 263
2 264
2 268
2 272
2 274
2 280
2 284
2 289
2 290
2 310
2 316
2 322
3 14
3 20
3 23
3 32
3 55
3 58
3 67
3 78
3 84
3 89
3 115
3 116
3 137
3 140
3 146
3 152
3 156
3 169
3 191
3 197
3 211
3 215
3 238
3 283
3 291
3 305
3 316
3 321
4 8
4 12
4 27
4 29
4 31
4 71
4 75
4 90
4 108
4 116
4 124
4 132
4 156
4 164
4 197
4 212
4 239
4 249
4 263
4 264
4 286
4 287
4 290
4 295
4 299
4 302
4 304
4 314
4 322
5 27
5 48
5 72
5 80
5 101
5 103
5 139
5 161
5 182
5 212
5 221
5 236
5 256
5 271
5 276
5 280
5 286
5 290
5 304
5 307
5 311
5 314
5 322
6 152
6 280
7 17
7 20
7 34
7 36
7 37
7 39
7 44
7 45
7 52
7 53
7 57
7 64
7 67
7 69
7 73
7 78
7 90
7 95
7 104
7 110
7 113
7 126
7 127
7 144
7 153
7 164
7 167
7 168
7 169
7 180
7 184
7 190
7 192
7 194
7 195
7 198
7 202
7 204
7 205
7 209
7 210
7 212
7 214
7 218
7 229
7 232
7 237
7 242
7 246
7 250
7 255
7 263
7 268
7 280
7 286
7 289
7 291
7 294
7 297
7 303
7 304
7 310
7 313
7 316
8 27
8 29
8 38
8 39
8 65
8 66
8 75
8 90
8 99
8 103
8 108
8 118
8 134
8 147
8 148
8 152
8 162
8 175
8 176
8 182
8 184
8 186
8 189
8 195
8 212
8 224
8 245
8 249
8 260
8 277
8 286
8 287
8 290
8 303
8 304
8 314
9 22
9 30
9 49
9 51
9 101
9 163
9 173
9 174
9 179
9 185
9 258
9 266
10 109
11 38
11 56
11 86
11 113
11 117
11 124
11 224
11 231
11 263
11 281
11 288
11 320
12 18
12 27
12 29
12 39
12 48
12 65
12 66
12 74
12 75
12 78
12 80
12 88
12 90
12 99
12 107
12 108
12 124
12 132
12 139
12 143
12 156
12 161
12 164
12 171
12 175
12 182
12 184
12 188
12 195
12 212
12 213
12 216
12 223
12 224
12 226
12 229
12 231
12 236
12 245
12 246
12 249
12 256
12 260
12 263
12 271
12 276
12 278
12 280
12 286
12 287
12 288
12 290
12 295
12 299
12 300
12 302
12 303
12 304
12 307
12 309
12 311
12 312
12 314
12 320
12 322
13 21
13 28
13 36
13 44
13 50
13 52
13 57
13 61
13 64
13 69
13 73
13 76
13 96
13 99
13 100
13 104
13 106
13 135
13 144
13 147
13 158
13 168
13 169
13 177
13 186
13 189
13 193
13 194
13 196
13 199
13 204
13 209
13 213
13 261
13 268
13 308
13 316
14 20
14 23
14 25
14 26
14 30
14 31
14 32
14 37
14 44
14 53
14 55
14 58
14 61
14 63
14 67
14 70
14 77
14 78
14 82
14 84
14 85
14 89
14 93
14 97
14 99
14 102
14 111
14 115
14 116
14 129
14 130
14 137
14 140
14 146
14 149
14 151
14 167
14 170
14 172
14 190
14 191
14 197
14 204
14 207
14 211
14 213
14 214
14 215
14 217
14 219
14 220
14 225
14 228
14 232
14 233
14 238
14 239
14 255
14 257
14 258
14 260
14 262
14 264
14 267
14 268
14 269
14 272
14 273
14 283
14 285
14 289
14 291
14 295
14 305
14 308
14 313
14 318
14 321
15 21
15 44
15 69
15 121
15 155
15 157
15 159
15 235
15 323
16 202
17 21
17 30
17 33
17 34
17 36
17 37
17 44
17 45
17 52
17 53
17 57
17 64
17 69
17 73
17 79
17 87
17 96
17 100
17 106
17 112
17 114
17 120
17 126
17 127
17 144
17 147
17 153
17 157
17 163
17 167
17 168
17 169
17 171
17 177
17 179
17 180
17 186
17 194
17 202
17 205
17 209
17 210
17 214
17 218
17 221
17 229
17 230
17 232
17 237
17 258
17 260
17 261
17 263
17 266
17 270
17 280
17 284
17 292
17 293
17 295
17 297
17 310
17 313
17 315
17 316
17 323
18 27
18 29
18 39
18 59
18 62
18 65
18 75
18 103
18 107
18 132
18 143
18 156
18 164
18 175
18 176
18 182
18 184
18 188
18 195
18 212
18 224
18 226
18 245
18 246
18 249
18 251
18 263
18 271
18 280
18 286
18 290
18 295
18 299
18 302
18 303
18 304
18 312
18 314
18 320
18 322
19 21
19 28
19 34
19 36
19 37
19 38
19 44
19 52
19 53
19 57
19 69
19 76
19 90
19 113
19 124
19 125
19 126
19 136
19 144
19 147
19 151
19 155
19 157
19 169
19 177
19 186
19 194
19 199
19 205
19 210
19 214
19 232
19 242
19 255
19 261
19 281
19 282
19 291
19 308
19 316
20 23
20 25
20 26
20 30
20 32
20 44
20 55
20 58
20 59
20 63
20 67
20 78
20 82
20 84
20 89
20 93
20 97
20 102
20 111
20 113
20 115
20 116
20 123
20 125
20 130
20 137
20 139
20 140
20 146
20 149
20 152
20 170
20 172
20 191
20 197
20 201
20 207
20 211
20 215
20 217
20 219
20 220
20 225
20 228
20 233
20 238
20 239
20 240
20 253
20 255
20 257
20 260
20 261
20 264
20 273
20 278
20 280
20 291
20 294
20 301
20 305
20 306
20 318
20 319
21 28
21 36
21 44
21 45
21 50
21 53
21 57
21 61
21 69
21 72
21 73
21 76
21 96
21 100
21 104
21 106
21 119
21 125
21 126
21 127
21 135
21 136
21 144
21 147
21 154
21 155
21 157
21 158
21 159
21 168
21 169
21 177
21 190
21 193
21 194
21 196
21 199
21 202
21 213
21 223
21 235
21 237
21 242
21 244
21 255
21 261
21 268
21 280
21 282
21 306
21 308
21 323
22 41
22 48
22 49
22 51
22 99
22 101
22 138
22 161
22 163
22 173
22 179
22 185
22 243
22 248
22 266
22 276
22 307
23 25
23 26
23 30
23 32
23 40
23 55
23 67
23 78
23 84
23 85
23 89
23 97
23 115
23 116
23 137
23 149
23 152
23 169
23 188
23 197
23 211
23 212
23 219
23 225
23 228
23 264
23 272
23 273
23 283
23 303
23 305
23 321
24 28
24 44
24 95
24 99
24 189
24 198
25 26
25 30
25 31
25 32
25 40
25 55
25 58
25 67
25 70
25 77
25 78
25 79
25 82
25 84
25 85
25 89
25 97
25 102
25 114
25 115
25 116
25 125
25 129
25 137
25 140
25 146
25 149
25 152
25 172
25 184
25 189
25 197
25 207
25 211
25 215
25 217
25 219
25 220
25 225
25 228
25 233
25 238
25 240
25 253
25 255
25 257
25 260
25 264
25 267
25 273
25 277
25 280
25 285
25 291
25 305
25 306
25 318
25 321
26 31
26 32
26 63
26 67
26 82
26 83
26 85
26 89
26 93
26 97
26 99
26 115
26 116
26 119
26 124
26 125
26 126
26 136
26 146
26 149
26 170
26 172
26 175
26 190
26 191
26 197
26 201
26 207
26 209
26 216
26 219
26 220
26 225
26 233
26 239
26 240
26 255
26 260
26 264
26 272
26 273
26 291
26 305
26 318
27 29
27 39
27 65
27 71
27 72
27 75
27 88
27 90
27 92
27 99
27 103
27 107
27 115
27 124
27 132
27 143
27 150
27 175
27 176
27 182
27 184
27 192
27 212
27 224
27 226
27 231
27 232
27 245
27 246
27 249
27 254
27 260
27 271
27 286
27 288
27 290
27 299
27 302
27 303
27 304
27 312
27 314
27 320
28 36
28 44
28 57
28 69
28 72
28 76
28 95
28 96
28 113
28 119
28 120
28 121
28 125
28 126
28 136
28 153
28 154
28 158
28 159
28 168
28 169
28 189
28 194
28 196
28 199
28 221
28 223
28 229
28 232
28 237
28 242
28 244
28 261
28 273
28 280
28 282
28 308
28 313
28 323
29 39
29 65
29 75
29 88
29 99
29 103
29 108
29 124
29 143
29 171
29 175
29 212
29 216
29 224
29 231
29 233
29 245
29 249
29 260
29 264
29 286
29 287
29 299
29 302
29 303
29 304
29 312
29 314
30 32
30 40
30 44
30 55
30 58
30 62
30 63
30 67
30 70
30 75
30 76
30 78
30 82
30 84
30 89
30 95
30 99
30 101
30 103
30 106
30 115
30 116
30 130
30 137
30 139
30 140
30 144
30 146
30 149
30 152
30 163
30 172
30 174
30 179
30 188
30 191
30 197
30 207
30 211
30 212
30 215
30 217
30 219
30 228
30 230
30 233
30 238
30 239
30 255
30 258
30 260
30 264
30 266
30 267
30 268
30 271
30 273
30 283
30 290
30 291
30 294
30 321
31 45
31 60
31 61
31 63
31 64
31 68
31 77
31 80
31 82
31 84
31 85
31 88
31 89
31 92
31 93
31 99
31 102
31 103
31 108
31 111
31 115
31 116
31 129
31 132
31 140
31 146
31 149
31 156
31 164
31 170
31 172
31 191
31 197
31 201
31 209
31 211
31 213
31 217
31 226
31 233
31 238
31 240
31 245
31 257
31 260
31 262
31 264
31 271
31 272
31 278
31 283
31 284
31 285
31 286
31 289
31 294
31 304
31 305
31 314
31 317
31 318
31 322
32 40
32 55
32 58
32 67
32 70
32 77
32 78
32 84
32 85
32 89
32 93
32 97
32 99
32 115
32 116
32 129
32 137
32 140
32 146
32 149
32 152
32 191
32 197
32 207
32 211
32 215
32 219
32 220
32 225
32 228
32 233
32 238
32 240
32 255
32 264
32 267
32 269
32 272
32 273
32 283
32 291
32 294
32 305
32 306
32 317
32 321
33 44
33 52
33 57
33 64
33 116
33 120
33 126
33 127
33 144
33 147
33 151
33 167
33 169
33 199
33 202
33 209
33 215
33 218
33 229
33 230
33 245
33 260
33 275
33 280
33 316
34 37
34 44
34 45
34 52
34 53
34 64
34 69
34 126
34 135
34 153
34 154
34 167
34 180
34 186
34 194
34 202
34 203
34 205
34 209
34 210
34 214
34 218
34 232
34 244
34 261
34 268
34 280
34 292
34 306
34 313
35 99
35 184
35 212
35 299
35 304
35 314
36 44
36 53
36 57
36 61
36 69
36 76
36 96
36 100
36 112
36 120
36 125
36 126
36 144
36 147
36 168
36 169
36 177
36 189
36 194
36 196
36 209
36 217
36 242
36 261
36 268
36 280
36 292
36 323
37 44
37 45
37 52
37 53
37 57
37 64
37 69
37 72
37 96
37 113
37 116
37 119
37 121
37 124
37 125
37 126
37 147
37 151
37 154
37 159
37 180
37 186
37 190
37 194
37 202
37 205
37 207
37 210
37 214
37 232
37 235
37 237
37 244
37 250
37 255
37 261
37 264
37 268
37 269
37 270
37 277
37 280
37 292
37 310
37 313
37 323
38 56
38 58
38 69
38 74
38 90
38 94
38 100
38 105
38 113
38 117
38 119
38 121
38 124
38 125
38 126
38 128
38 134
38 136
38 140
38 144
38 145
38 148
38 152
38 159
38 162
38 169
38 178
38 182
38 184
38 189
38 191
38 192
38 196
38 224
38 225
38 228
38 231
38 232
38 233
38 242
38 255
38 260
38 261
38 263
38 264
38 277
38 280
38 281
38 282
38 291
38 309
38 320
39 42
39 43
39 56
39 59
39 65
39 72
39 74
39 86
39 88
39 90
39 99
39 117
39 126
39 132
39 145
39 162
39 164
39 171
39 175
39 176
39 183
39 192
39 195
39 208
39 212
39 224
39 226
39 231
39 245
39 246
39 249
39 251
39 263
39 275
39 276
39 280
39 286
39 288
39 290
39 299
39 300
39 302
39 303
39 304
39 309
39 314
39 320
39 322
40 55
40 58
40 70
40 84
40 89
40 97
40 114
40 115
40 116
40 129
40 146
40 152
40 192
40 197
40 207
40 211
40 215
40 219
40 225
40 228
40 233
40 238
40 253
40 267
40 273
40 283
40 306
40 321
41 138
41 163
41 179
41 185
41 266
42 65
42 99
42 131
42 194
42 195
42 212
42 229
42 241
42 245
42 263
42 275
42 280
42 286
42 290
42 304
42 322
43 44
43 66
43 90
43 139
43 171
43 183
43 245
43 263
43 275
43 278
43 286
43 290
43 300
44 45
44 50
44 53
44 56
44 57
44 61
44 62
44 64
44 68
44 69
44 72
44 73
44 76
44 87
44 95
44 96
44 97
44 100
44 104
44 110
44 112
44 113
44 115
44 119
44 120
44 121
44 125
44 126
44 127
44 135
44 136
44 144
44 147
44 151
44 153
44 154
44 155
44 156
44 157
44 158
44 159
44 164
44 167
44 168
44 169
44 171
44 177
44 180
44 186
44 187
44 189
44 190
44 191
44 192
44 193
44 194
44 196
44 198
44 199
44 200
44 202
44 203
44 204
44 205
44 206
44 209
44 210
44 212
44 213
44 214
44 215
44 218
44 221
44 223
44 229
44 230
44 232
44 235
44 237
44 239
44 240
44 242
44 250
44 255
44 258
44 260
44 261
44 263
44 268
44 270
44 274
44 277
44 278
44 279
44 280
44 282
44 284
44 289
44 290
44 291
44 295
44 297
44 298
44 299
44 300
44 308
44 310
44 313
44 315
44 323
45 52
45 53
45 57
45 61
45 64
45 68
45 69
45 73
45 87
45 112
45 120
45 122
45 126
45 136
45 144
45 147
45 151
45 153
45 167
45 169
45 180
45 186
45 190
45 194
45 202
45 203
45 204
45 205
45 209
45 210
45 213
45 214
45 230
45 232
45 233
45 237
45 239
45 240
45 242
45 250
45 260
45 268
45 270
45 272
45 274
45 280
45 284
45 289
45 292
45 310
45 313
45 315
45 316
46 188
46 291
47 186
48 51
48 65
48 101
48 103
48 161
48 163
48 182
48 188
48 212
48 229
48 236
48 256
48 276
48 299
48 304
48 307
48 311
48 314
49 51
49 101
49 163
49 173
49 174
49 185
49 258
49 266
50 57
50 69
50 72
50 100
50 125
50 126
50 194
50 217
50 261
50 279
51 99
51 101
51 138
51 163
51 173
51 174
51 179
51 185
51 204
51 248
51 258
51 266
52 53
52 57
52 64
52 69
52 73
52 96
52 100
52 120
52 125
52 135
52 144
52 151
52 154
52 167
52 169
52 177
52 180
52 186
52 189
52 190
52 194
52 196
52 202
52 203
52 205
52 209
52 210
52 214
52 218
52 232
52 237
52 261
52 268
52 280
52 292
52 316
53 57
53 61
53 64
53 68
53 69
53 73
53 87
53 96
53 104
53 110
53 113
53 116
53 120
53 125
53 126
53 136
53 144
53 147
53 151
53 153
53 154
53 167
53 168
53 169
53 180
53 186
53 190
53 193
53 194
53 199
53 200
53 202
53 203
53 204
53 205
53 209
53 210
53 213
53 214
53 221
53 223
53 229
53 230
53 232
53 233
53 237
53 239
53 242
53 250
53 260
53 268
53 270
53 274
53 280
53 284
53 289
53 292
53 310
53 313
53 315
53 316
53 321
53 323
54 261
55 58
55 67
55 70
55 77
55 78
55 82
55 84
55 89
55 97
55 99
55 111
55 115
55 116
55 130
55 137
55 140
55 146
55 149
55 152
55 170
55 172
55 191
55 197
55 201
55 207
55 209
55 211
55 215
55 217
55 219
55 220
55 225
55 228
55 233
55 238
55 239
55 240
55 253
55 255
55 264
55 267
55 269
55 272
55 273
55 283
55 285
55 291
55 294
55 305
55 306
55 316
55 317
55 318
55 321
56 65
56 74
56 86
56 90
56 99
56 113
56 124
56 145
56 162
56 195
56 214
56 215
56 231
56 240
56 245
56 263
56 286
56 288
56 290
56 299
56 309
56 314
56 320
56 322
57 61
57 64
57 68
57 69
57 72
57 73
57 76
57 87
57 95
57 96
57 98
57 100
57 104
57 106
57 107
57 110
57 112
57 113
57 120
57 121
57 122
57 125
57 126
57 127
57 136
57 144
57 147
57 153
57 154
57 157
57 158
57 159
57 167
57 168
57 169
57 177
57 180
57 186
57 189
57 190
57 193
57 194
57 196
57 199
57 200
57 202
57 203
57 204
57 205
57 209
57 210
57 214
57 215
57 218
57 221
57 223
57 229
57 230
57 232
57 237
57 242
57 244
57 250
57 255
57 259
57 261
57 268
57 273
57 279
57 280
57 282
57 284
57 291
57 292
57 297
57 308
57 310
57 313
57 316
57 323
58 67
58 77
58 84
58 89
58 97
58 104
58 115
58 116
58 129
58 137
58 140
58 149
58 151
58 193
58 197
58 207
58 213
58 219
58 225
58 238
58 240
58 264
58 285
58 291
58 294
58 300
58 305
58 316
58 321
59 70
59 75
59 78
59 90
59 116
59 129
59 145
59 192
59 212
59 231
59 263
59 273
59 280
59 290
59 293
59 303
59 304
59 314
59 322
60 63
60 68
60 190
60 197
60 204
60 278
60 289
60 296
60 305
61 63
61 64
61 69
61 73
61 126
61 167
61 169
61 180
61 190
61 193
61 194
61 199
61 204
61 205
61 209
61 213
61 216
61 255
61 268
61 274
61 289
61 308
62 65
62 75
62 99
62 103
62 115
62 132
62 139
62 144
62 169
62 182
62 188
62 195
62 212
62 218
62 224
62 226
62 246
62 249
62 258
62 261
62 280
62 286
62 290
62 314
62 322
63 64
63 82
63 85
63 115
63 116
63 130
63 132
63 137
63 149
63 172
63 191
63 197
63 201
63 204
63 207
63 213
63 216
63 219
63 225
63 233
63 234
63 240
63 264
63 278
63 289
63 291
63 294
63 305
63 317
64 68
64 69
64 73
64 87
64 99
64 111
64 116
64 120
64 122
64 126
64 132
64 144
64 147
64 151
64 153
64 167
64 168
64 169
64 180
64 186
64 194
64 199
64 202
64 203
64 204
64 205
64 209
64 210
64 213
64 214
64 232
64 233
64 237
64 239
64 250
64 255
64 268
64 272
64 274
64 280
64 284
64 289
64 308
64 313
64 315
64 316
64 322
65 71
65 72
65 75
65 88
65 90
65 99
65 101
65 104
65 108
65 115
65 124
65 132
65 134
65 143
65 175
65 182
65 188
65 199
65 212
65 224
65 226
65 231
65 232
65 245
65 246
65 249
65 258
65 260
65 271
65 280
65 286
65 287
65 290
65 299
65 300
65 302
65 303
65 304
65 307
65 311
65 314
65 320
66 75
66 80
66 88
66 103
66 107
66 108
66 132
66 182
66 212
66 226
66 249
66 271
66 278
66 286
66 299
66 312
66 314
67 70
67 74
67 77
67 78
67 82
67 84
67 89
67 90
67 93
67 97
67 111
67 112
67 114
67 115
67 116
67 119
67 126
67 129
67 137
67 140
67 144
67 146
67 149
67 152
67 162
67 167
67 170
67 186
67 188
67 191
67 192
67 196
67 197
67 201
67 202
67 207
67 211
67 212
67 215
67 217
67 218
67 219
67 220
67 225
67 228
67 230
67 232
67 233
67 234
67 238
67 239
67 240
67 255
67 257
67 260
67 263
67 264
67 267
67 269
67 272
67 273
67 277
67 283
67 290
67 291
67 294
67 305
67 308
67 316
67 318
68 73
68 92
68 99
68 112
68 122
68 147
68 164
68 167
68 169
68 186
68 200
68 204
68 213
68 260
68 268
68 284
68 289
68 310
69 72
69 73
69 76
69 96
69 100
69 104
69 106
69 113
69 119
69 120
69 121
69 125
69 126
69 127
69 136
69 147
69 154
69 155
69 157
69 159
69 162
69 168
69 169
69 180
69 189
69 190
69 194
69 199
69 202
69 203
69 204
69 205
69 209
69 210
69 223
69 229
69 232
69 235
69 237
69 242
69 244
69 255
69 257
69 260
69 268
69 280
69 282
69 308
69 310
69 313
69 323
70 79
70 84
70 89
70 93
70 97
70 111
70 114
70 116
70 129
70 134
70 140
70 146
70 161
70 169
70 170
70 192
70 197
70 202
70 209
70 215
70 219
70 220
70 225
70 228
70 233
70 238
70 240
70 255
70 260
70 263
70 264
70 265
70 267
70 272
70 273
70 277
70 280
70 305
70 316
70 317
70 318
70 319
71 99
71 143
71 171
71 175
71 245
71 299
71 302
72 126
72 135
72 144
72 154
72 155
72 157
72 159
72 176
72 194
72 202
72 212
72 223
72 229
72 235
72 237
72 244
72 261
72 280
72 292
72 303
72 323
73 87
73 96
73 119
73 120
73 126
73 136
73 144
73 147
73 151
73 153
73 154
73 167
73 168
73 169
73 180
73 186
73 190
73 193
73 194
73 197
73 199
73 200
73 202
73 204
73 205
73 209
73 213
73 214
73 232
73 233
73 237
73 250
73 260
73 261
73 264
73 268
73 272
73 274
73 278
73 280
73 284
73 289
73 292
73 297
73 308
73 310
73 316
73 323
74 94
74 105
74 116
74 117
74 124
74 128
74 134
74 145
74 148
74 152
74 160
74 162
74 175
74 184
74 187
74 192
74 208
74 212
74 224
74 231
74 234
74 245
74 255
74 262
74 263
74 277
74 286
74 288
74 299
74 303
74 304
74 309
74 314
74 317
74 320
74 322
75 78
75 88
75 103
75 124
75 132
75 152
75 156
75 164
75 175
75 176
75 182
75 184
75 188
75 195
75 212
75 224
75 226
75 245
75 246
75 249
75 251
75 260
75 271
75 278
75 286
75 287
75 290
75 295
75 299
75 303
75 304
75 312
75 314
75 320
75 322
76 100
76 113
76 125
76 126
76 136
76 144
76 147
76 154
76 157
76 158
76 159
76 168
76 169
76 192
76 194
76 196
76 199
76 237
76 245
76 255
76 261
76 263
76 282
76 291
76 313
77 84
77 89
77 111
77 115
77 137
77 211
77 238
77 240
77 255
77 257
77 262
77 280
77 317
77 321
78 82
78 89
78 90
78 99
78 112
78 115
78 116
78 140
78 152
78 164
78 167
78 175
78 188
78 197
78 201
78 207
78 212
78 215
78 217
78 218
78 219
78 226
78 229
78 230
78 233
78 238
78 245
78 246
78 249
78 255
78 263
78 264
78 280
78 283
78 290
78 291
78 294
78 299
78 305
78 314
78 316
78 318
78 321
78 322
79 116
79 192
79 205
79 215
79 220
79 225
79 228
79 272
79 273
79 291
80 92
80 99
80 103
80 108
80 132
80 139
80 143
80 156
80 163
80 164
80 171
80 172
80 216
80 226
80 233
80 245
80 260
80 271
80 278
80 280
80 286
80 290
80 299
80 302
80 312
80 322
81 86
82 85
82 87
82 93
82 99
82 104
82 116
82 129
82 149
82 151
82 167
82 191
82 197
82 205
82 209
82 214
82 217
82 220
82 233
82 239
82 240
82 255
82 260
82 264
82 272
82 305
82 318
82 322
84 89
84 111
84 115
84 116
84 127
84 137
84 146
84 149
84 152
84 191
84 197
84 205
84 207
84 211
84 217
84 219
84 220
84 225
84 228
84 233
84 238
84 239
84 240
84 260
84 264
84 267
84 272
84 273
84 291
84 294
84 305
84 317
84 318
84 321
85 97
85 99
85 102
85 116
85 149
85 172
85 197
85 204
85 207
85 217
85 239
85 240
85 262
85 264
85 267
85 272
85 285
85 305
85 318
85 321
87 99
87 116
87 120
87 127
87 144
87 167
87 169
87 180
87 190
87 194
87 202
87 203
87 204
87 205
87 209
87 210
87 214
87 218
87 232
87 233
87 239
87 260
87 268
87 272
87 280
87 289
87 295
87 296
87 310
87 316
87 318
88 99
88 103
88 108
88 124
88 132
88 156
88 164
88 171
88 175
88 176
88 184
88 197
88 212
88 216
88 224
88 226
88 245
88 249
88 251
88 260
88 278
88 284
88 286
88 287
88 288
88 290
88 295
88 299
88 302
88 303
88 304
88 312
88 314
88 322
89 99
89 111
89 115
89 116
89 129
89 137
89 146
89 197
89 207
89 215
89 219
89 220
89 225
89 233
89 238
89 239
89 240
89 264
89 267
89 272
89 273
89 283
89 294
89 305
89 318
89 321
90 113
90 124
90 125
90 131
90 136
90 140
90 144
90 162
90 171
90 183
90 201
90 202
90 208
90 215
90 218
90 221
90 224
90 229
90 231
90 240
90 241
90 246
90 255
90 261
90 263
90 275
90 280
90 286
90 288
90 290
90 291
90 293
90 300
90 303
90 309
90 319
90 320
90 322
91 163
92 99
92 108
92 132
92 156
92 164
92 212
92 245
92 249
92 271
92 286
92 290
92 299
92 304
92 312
92 314
93 115
93 116
93 146
93 170
93 190
93 197
93 205
93 207
93 220
93 228
93 233
93 238
93 253
93 264
93 267
93 272
93 305
93 318
93 321
94 134
94 181
94 277
94 309
94 320
95 125
95 144
95 169
95 186
95 189
95 190
95 194
95 198
95 209
95 210
95 212
95 232
95 237
95 261
95 280
95 290
95 313
95 316
96 104
96 106
96 107
96 116
96 120
96 127
96 144
96 147
96 154
96 158
96 167
96 168
96 169
96 177
96 186
96 189
96 194
96 196
96 197
96 205
96 209
96 232
96 252
96 261
96 268
97 115
97 116
97 137
97 140
97 149
97 197
97 207
97 217
97 219
97 220
97 225
97 233
97 238
97 240
97 264
97 265
97 272
97 280
97 291
97 305
97 321
98 126
98 144
98 177
98 230
98 261
99 101
99 102
99 103
99 108
99 112
99 115
99 116
99 119
99 120
99 124
99 127
99 128
99 131
99 132
99 134
99 139
99 140
99 143
99 149
99 156
99 161
99 162
99 163
99 164
99 165
99 168
99 170
99 175
99 178
99 179
99 180
99 184
99 189
99 207
99 209
99 217
99 224
99 226
99 231
99 232
99 240
99 241
99 245
99 248
99 249
99 262
99 264
99 267
99 268
99 274
99 277
99 278
99 283
99 284
99 286
99 287
99 288
99 290
99 291
99 294
99 295
99 299
99 302
99 303
99 304
99 305
99 312
99 314
99 320
99 322
100 106
100 119
100 120
100 126
100 127
100 144
100 147
100 158
100 168
100 169
100 177
100 189
100 196
100 199
100 202
100 230
100 255
100 261
100 280
100 291
100 323
101 161
101 163
101 173
101 174
101 179
101 185
101 256
101 258
101 260
101 266
101 276
101 304
101 307
101 314
102 115
102 116
102 172
102 191
102 197
102 207
102 209
102 225
102 233
102 240
102 249
102 260
102 264
102 272
102 294
102 305
102 318
103 108
103 115
103 132
103 139
103 143
103 152
103 156
103 164
103 182
103 184
103 188
103 212
103 214
103 224
103 226
103 245
103 249
103 251
103 258
103 260
103 263
103 271
103 278
103 280
103 286
103 290
103 295
103 299
103 302
103 303
103 304
103 312
103 314
103 320
103 322
104 115
104 116
104 119
104 120
104 121
104 126
104 136
104 137
104 144
104 154
104 167
104 190
104 193
104 194
104 199
104 205
104 209
104 223
104 232
104 233
104 242
104 244
104 255
104 261
104 263
104 268
104 269
104 283
104 308
104 316
104 320
104 322
104 323
105 117
105 128
105 134
105 148
105 162
105 231
105 277
105 281
105 320
106 112
106 120
106 125
106 126
106 127
106 144
106 147
106 152
106 157
106 158
106 167
106 168
106 169
106 177
106 196
106 202
106 219
106 230
106 237
106 252
106 255
106 260
106 268
106 279
106 289
106 292
106 323
107 144
107 164
107 182
107 184
107 249
107 286
108 132
108 143
108 156
108 164
108 167
108 182
108 188
108 204
108 212
108 216
108 226
108 233
108 245
108 249
108 251
108 263
108 264
108 271
108 278
108 286
108 287
108 290
108 295
108 299
108 302
108 304
108 312
108 314
108 322
109 186
110 144
110 186
110 204
110 252
110 261
110 292
111 116
111 129
111 146
111 164
111 170
111 191
111 197
111 211
111 219
111 220
111 233
111 238
111 240
111 245
111 262
111 264
111 265
111 272
111 280
111 283
111 294
111 305
111 318
111 321
112 119
112 120
112 126
112 136
112 147
112 167
112 169
112 186
112 194
112 202
112 203
112 209
112 214
112 218
112 223
112 229
112 232
112 237
112 258
112 260
112 261
112 264
112 280
112 284
112 289
112 303
112 308
112 313
112 316
113 116
113 124
113 125
113 126
113 130
113 136
113 140
113 144
113 154
113 167
113 169
113 177
113 189
113 190
113 191
113 193
113 194
113 199
113 201
113 202
113 204
113 205
113 207
113 209
113 213
113 224
113 228
113 230
113 239
113 242
113 255
113 261
113 263
113 277
113 280
113 281
113 282
113 290
113 291
113 293
113 319
113 323
114 115
114 116
114 127
114 129
114 137
114 146
114 192
114 197
114 217
114 219
114 220
114 225
114 228
114 233
114 238
114 264
114 272
114 273
114 280
114 305
115 116
115 124
115 130
115 136
115 137
115 140
115 146
115 152
115 163
115 176
115 191
115 197
115 201
115 207
115 211
115 212
115 215
115 217
115 219
115 220
115 225
115 228
115 229
115 232
115 233
115 238
115 240
115 255
115 264
115 267
115 269
115 271
115 272
115 273
115 283
115 286
115 290
115 291
115 294
115 302
115 303
115 305
115 318
115 319
115 321
116 119
116 124
116 125
116 126
116 127
116 129
116 130
116 137
116 140
116 146
116 149
116 156
116 163
116 166
116 169
116 170
116 175
116 179
116 180
116 190
116 191
116 192
116 193
116 197
116 201
116 204
116 205
116 207
116 208
116 209
116 211
116 212
116 213
116 214
116 215
116 217
116 219
116 220
116 224
116 225
116 228
116 230
116 232
116 233
116 234
116 237
116 238
116 239
116 240
116 248
116 253
116 255
116 257
116 260
116 262
116 263
116 264
116 267
116 272
116 273
116 276
116 277
116 278
116 280
116 283
116 285
116 290
116 291
116 294
116 295
116 305
116 310
116 313
116 317
116 318
116 319
116 321
117 124
117 134
117 145
117 162
117 224
117 231
117 263
117 277
117 288
117 309
117 320
118 186
119 120
119 124
119 125
119 126
119 136
119 137
119 162
119 169
119 175
119 186
119 190
119 193
119 194
119 199
119 207
119 211
119 213
119 232
119 255
119 261
119 269
119 282
119 308
119 316
119 323
120 122
120 126
120 136
120 144
120 147
120 157
120 167
120 168
120 169
120 177
120 186
120 189
120 190
120 196
120 199
120 202
120 205
120 209
120 210
120 213
120 214
120 218
120 223
120 229
120 232
120 255
120 260
120 272
120 280
120 308
120 310
120 316
120 323
121 124
121 125
121 126
121 137
121 155
121 162
121 180
121 189
121 190
121 194
121 205
121 210
121 235
121 242
121 244
121 268
121 323
122 126
122 144
122 167
122 204
122 284
122 289
123 217
123 291
124 125
124 126
124 128
124 132
124 134
124 136
124 140
124 145
124 162
124 175
124 176
124 184
124 190
124 192
124 193
124 195
124 201
124 207
124 208
124 212
124 224
124 231
124 242
124 245
124 246
124 255
124 257
124 263
124 277
124 280
124 282
124 286
124 287
124 288
124 290
124 299
124 303
124 304
124 309
124 314
124 320
124 322
125 126
125 128
125 136
125 147
125 154
125 157
125 162
125 168
125 169
125 171
125 175
125 189
125 190
125 193
125 194
125 196
125 199
125 202
125 204
125 205
125 207
125 217
125 219
125 232
125 233
125 237
125 242
125 244
125 255
125 261
125 281
125 282
125 291
125 308
125 318
125 323
126 144
126 147
126 151
126 154
126 155
126 159
126 162
126 167
126 169
126 171
126 175
126 177
126 180
126 186
126 189
126 190
126 193
126 194
126 199
126 202
126 204
126 205
126 207
126 209
126 210
126 213
126 214
126 218
126 223
126 229
126 232
126 233
126 235
126 237
126 242
126 244
126 250
126 255
126 258
126 261
126 263
126 264
126 268
126 269
126 280
126 282
126 285
126 290
126 291
126 292
126 308
126 310
126 313
126 316
126 323
127 144
127 147
127 153
127 162
127 168
127 171
127 180
127 194
127 201
127 202
127 205
127 209
127 210
127 215
127 218
127 228
127 229
127 230
127 232
127 255
127 260
127 275
127 280
127 290
127 295
127 300
127 310
128 134
128 162
128 178
128 184
128 194
128 231
128 277
128 286
128 309
128 320
129 146
129 149
129 161
129 170
129 191
129 197
129 202
129 211
129 215
129 219
129 220
129 225
129 228
129 233
129 238
129 240
129 255
129 263
129 264
129 265
129 267
129 272
129 273
129 280
129 281
129 283
129 294
129 318
130 137
130 191
130 197
130 200
130 201
130 214
130 219
130 220
130 225
130 233
130 240
130 264
130 291
130 318
131 171
131 218
131 229
131 241
131 275
131 322
132 143
132 149
132 156
132 164
132 171
132 172
132 175
132 176
132 182
132 188
132 200
132 204
132 212
132 213
132 216
132 224
132 226
132 239
132 245
132 249
132 251
132 254
132 258
132 260
132 263
132 271
132 278
132 286
132 287
132 289
132 290
132 295
132 299
132 300
132 302
132 303
132 304
132 312
132 314
132 320
132 322
133 315
134 148
134 162
134 178
134 181
134 192
134 208
134 212
134 224
134 231
134 260
134 263
134 277
134 280
134 281
134 286
134 288
134 309
134 314
134 320
135 157
135 193
135 196
135 199
135 206
135 232
135 237
135 261
136 137
136 144
136 152
136 154
136 167
136 169
136 175
136 189
136 190
136 193
136 194
136 199
136 204
136 213
136 232
136 242
136 255
136 261
136 264
136 268
136 291
136 308
136 316
137 140
137 152
137 191
137 193
137 211
137 213
137 217
137 219
137 225
137 228
137 238
137 255
137 267
137 269
137 283
137 291
137 303
137 308
137 321
138 163
138 173
138 185
138 248
139 152
139 188
139 212
139 226
139 249
139 258
139 271
139 280
139 290
139 314
140 146
140 152
140 156
140 162
140 188
140 190
140 191
140 197
140 201
140 219
140 228
140 233
140 238
140 240
140 255
140 263
140 264
140 272
140 280
140 283
140 290
140 291
140 305
140 318
140 319
140 321
141 202
141 223
141 229
142 203
142 274
143 156
143 164
143 175
143 201
143 212
143 226
143 245
143 249
143 251
143 260
143 264
143 278
143 286
143 287
143 290
143 299
143 302
143 304
143 312
143 314
144 147
144 151
144 152
144 153
144 157
144 158
144 167
144 168
144 169
144 171
144 177
144 178
144 180
144 186
144 189
144 193
144 194
144 195
144 196
144 199
144 201
144 202
144 203
144 204
144 205
144 209
144 210
144 214
144 215
144 217
144 218
144 219
144 221
144 223
144 229
144 230
144 232
144 237
144 238
144 250
144 252
144 255
144 260
144 261
144 263
144 268
144 273
144 275
144 280
144 284
144 290
144 291
144 292
144 293
144 295
144 297
144 308
144 310
144 313
144 315
144 316
145 175
145 192
145 208
145 212
145 224
145 231
145 245
145 263
145 280
145 286
145 288
145 293
145 303
145 314
145 320
146 191
146 197
146 212
146 215
146 217
146 219
146 220
146 225
146 228
146 233
146 238
146 240
146 264
146 267
146 272
146 273
146 280
146 285
146 305
146 318
146 321
147 157
147 167
147 168
147 169
147 177
147 180
147 186
147 190
147 194
147 196
147 199
147 205
147 209
147 210
147 214
147 215
147 221
147 223
147 230
147 232
147 237
147 258
147 260
147 261
147 263
147 268
147 280
147 286
147 289
147 290
147 308
147 313
147 316
148 162
148 181
148 247
148 277
148 309
148 320
149 151
149 172
149 197
149 207
149 217
149 220
149 233
149 234
149 238
149 239
149 240
149 258
149 260
149 264
149 272
149 273
149 285
149 305
149 318
149 321
150 304
151 167
151 169
151 180
151 186
151 190
151 193
151 194
151 202
151 204
151 205
151 209
151 214
151 232
151 233
151 237
151 238
151 239
151 240
151 250
151 270
151 272
151 274
151 285
151 295
151 310
152 154
152 162
152 169
152 185
152 187
152 188
152 215
152 217
152 219
152 228
152 258
152 260
152 261
152 273
152 277
152 286
152 290
152 294
153 154
153 167
153 186
153 190
153 194
153 204
153 205
153 206
153 209
153 210
153 214
153 221
153 233
153 242
153 246
153 261
153 266
153 290
153 292
153 313
153 315
153 316
154 180
154 186
154 190
154 199
154 210
154 233
154 261
154 268
154 308
154 323
155 157
155 223
155 229
155 235
155 237
155 244
155 261
155 290
155 323
156 164
156 170
156 175
156 182
156 212
156 214
156 216
156 233
156 239
156 245
156 249
156 251
156 254
156 260
156 264
156 271
156 272
156 278
156 280
156 284
156 286
156 287
156 290
156 295
156 299
156 302
156 304
156 312
156 314
156 322
157 168
157 169
157 194
157 199
157 242
157 255
157 261
157 323
158 169
158 186
158 189
158 196
158 204
158 237
158 292
159 168
159 190
159 194
159 199
159 242
159 255
159 261
159 268
159 323
161 182
161 236
161 256
161 265
161 266
161 276
161 299
161 304
161 307
161 311
161 314
162 169
162 192
162 224
162 231
162 261
162 263
162 277
162 290
162 309
162 320
163 172
163 173
163 174
163 179
163 185
163 236
163 248
163 256
163 258
163 266
163 276
163 294
163 310
164 167
164 175
164 182
164 184
164 188
164 212
164 214
164 216
164 224
164 245
164 249
164 251
164 254
164 260
164 263
164 264
164 271
164 278
164 286
164 287
164 290
164 295
164 299
164 302
164 304
164 312
164 313
164 314
164 322
166 264
166 305
167 168
167 169
167 170
167 180
167 186
167 190
167 193
167 194
167 197
167 200
167 202
167 204
167 205
167 209
167 210
167 213
167 214
167 215
167 218
167 221
167 230
167 232
167 233
167 237
167 238
167 239
167 240
167 250
167 260
167 264
167 268
167 272
167 280
167 284
167 285
167 289
167 290
167 292
167 295
167 302
167 310
167 312
167 313
167 316
167 318
167 322
168 169
168 177
168 194
168 196
168 202
168 204
168 205
168 230
168 237
168 255
168 261
168 268
168 292
168 313
169 177
169 180
169 185
169 186
169 188
169 189
169 190
169 193
169 194
169 196
169 199
169 202
169 204
169 205
169 206
169 209
169 210
169 213
169 214
169 215
169 217
169 219
169 221
169 232
169 233
169 237
169 242
169 250
169 255
169 258
169 260
169 261
169 263
169 264
169 268
169 269
169 273
169 274
169 282
169 284
169 290
169 291
169 296
169 308
169 310
169 316
169 319
170 197
170 207
170 209
170 228
170 238
170 255
170 264
170 272
170 318
171 183
171 195
171 199
171 201
171 204
171 212
171 213
171 216
171 218
171 224
171 226
171 245
171 249
171 251
171 260
171 263
171 275
171 280
171 286
171 290
171 299
171 300
171 303
171 314
171 320
171 322
172 197
172 204
172 219
172 233
172 239
172 240
172 245
172 258
172 264
172 278
172 289
172 294
172 305
172 312
172 318
173 174
173 258
174 179
174 185
174 212
174 258
174 266
174 294
175 176
175 182
175 184
175 190
175 193
175 207
175 212
175 224
175 231
175 232
175 233
175 245
175 249
175 251
175 260
175 276
175 286
175 287
175 288
175 290
175 295
175 299
175 302
175 303
175 304
175 305
175 312
175 314
175 320
175 322
176 212
176 245
176 249
176 286
176 302
176 303
176 304
176 314
177 202
177 217
177 230
177 232
177 237
177 261
177 292
178 212
178 224
178 225
178 255
178 277
178 286
178 303
179 209
179 248
179 258
179 266
179 276
180 190
180 193
180 194
180 197
180 202
180 204
180 205
180 209
180 210
180 213
180 214
180 218
180 220
180 232
180 233
180 237
180 239
180 245
180 250
180 260
180 272
180 274
180 280
180 289
180 290
180 292
180 313
180 316
180 318
180 323
181 187
181 247
181 320
182 184
182 192
182 195
182 212
182 219
182 224
182 231
182 236
182 245
182 246
182 249
182 251
182 256
182 263
182 271
182 277
182 280
182 286
182 287
182 290
182 299
182 302
182 303
182 304
182 307
182 311
182 314
182 322
183 199
183 204
183 212
183 213
183 216
183 245
183 286
183 300
183 303
183 308
183 314
184 194
184 195
184 212
184 231
184 245
184 251
184 260
184 277
184 286
184 287
184 290
184 299
184 302
184 303
184 304
184 314
184 322
185 204
185 248
185 258
186 194
186 203
186 204
186 205
186 209
186 214
186 221
186 232
186 258
186 261
186 289
186 292
186 308
186 310
186 313
186 315
186 316
187 196
187 247
187 286
187 309
187 320
188 204
188 212
188 215
188 216
188 249
188 258
188 260
188 271
188 278
188 290
188 291
188 295
188 299
188 304
188 314
189 193
189 194
189 196
189 198
189 210
189 217
189 222
189 230
189 232
189 237
189 242
189 255
189 261
189 282
189 313
189 315
189 322
190 192
190 194
190 197
190 202
190 204
190 205
190 207
190 209
190 210
190 213
190 214
190 218
190 232
190 233
190 237
190 239
190 242
190 250
190 255
190 257
190 260
190 274
190 280
190 282
190 284
190 289
190 296
190 305
190 310
190 313
190 316
190 323
191 197
191 205
191 207
191 209
191 215
191 219
191 220
191 233
191 238
191 245
191 255
191 264
191 272
191 277
191 280
191 291
191 294
191 305
191 316
191 318
191 321
192 201
192 208
192 212
192 215
192 219
192 225
192 230
192 231
192 233
192 257
192 263
192 264
192 273
192 277
192 280
192 290
192 293
192 309
192 320
193 194
193 196
193 204
193 207
193 211
193 213
193 232
193 233
193 237
193 250
193 255
193 261
193 269
193 282
193 308
194 195
194 196
194 199
194 202
194 204
194 205
194 209
194 210
194 214
194 218
194 230
194 232
194 235
194 237
194 242
194 246
194 250
194 255
194 258
194 260
194 261
194 268
194 280
194 282
194 284
194 289
194 290
194 291
194 308
194 310
194 313
194 315
194 323
195 210
195 212
195 224
195 231
195 241
195 246
195 249
195 258
195 263
195 275
195 280
195 286
195 290
195 293
195 299
195 303
195 304
195 314
195 320
195 322
196 261
196 282
197 201
197 205
197 207
197 209
197 211
197 215
197 217
197 219
197 220
197 225
197 228
197 233
197 234
197 238
197 239
197 240
197 253
197 255
197 257
197 260
197 262
197 264
197 267
197 272
197 273
197 277
197 283
197 285
197 290
197 291
197 294
197 305
197 308
197 317
197 318
197 321
198 210
198 217
198 232
198 237
198 261
198 313
199 213
199 217
199 232
199 242
199 244
199 255
199 258
199 261
199 300
199 308
199 316
199 323
200 204
200 213
200 278
201 212
201 217
201 219
201 228
201 233
201 238
201 255
201 257
201 261
201 263
201 264
201 272
201 280
201 291
201 293
201 300
201 302
201 303
201 305
201 318
201 320
202 205
202 209
202 210
202 214
202 215
202 218
202 220
202 223
202 229
202 230
202 232
202 233
202 237
202 238
202 239
202 240
202 258
202 260
202 261
202 263
202 268
202 280
202 290
202 292
202 293
202 296
202 310
202 316
202 318
202 319
203 205
203 237
203 250
203 292
203 295
203 310
204 205
204 213
204 214
204 216
204 221
204 233
204 237
204 239
204 242
204 249
204 250
204 258
204 260
204 264
204 268
204 270
204 274
204 278
204 284
204 285
204 289
204 292
204 296
204 302
204 308
204 310
204 313
205 207
205 209
205 210
205 213
205 214
205 218
205 220
205 232
205 233
205 234
205 237
205 239
205 250
205 260
205 264
205 268
205 272
205 274
205 280
205 284
205 289
205 290
205 295
205 296
205 310
205 313
205 316
205 318
205 323
206 210
206 215
206 261
206 270
206 315
207 209
207 217
207 219
207 220
207 225
207 228
207 233
207 238
207 239
207 240
207 245
207 255
207 257
207 260
207 264
207 267
207 272
207 273
207 276
207 280
207 284
207 291
207 302
207 305
207 314
207 317
207 318
208 212
208 263
208 290
208 293
209 210
209 213
209 214
209 215
209 218
209 220
209 228
209 230
209 232
209 233
209 234
209 235
209 237
209 239
209 249
209 250
209 255
209 257
209 258
209 260
209 264
209 268
209 270
209 272
209 274
209 280
209 284
209 289
209 297
209 305
209 310
209 313
209 315
209 316
210 214
210 218
210 221
210 232
210 235
210 237
210 242
210 246
210 250
210 261
210 263
210 268
210 280
210 289
210 290
210 292
210 295
210 297
210 310
210 313
210 315
210 316
211 212
211 219
211 225
211 233
211 238
211 240
211 255
211 264
211 269
211 272
211 283
211 305
211 306
211 317
211 318
211 321
212 216
212 223
212 224
212 226
212 229
212 231
212 232
212 245
212 246
212 249
212 251
212 257
212 260
212 263
212 267
212 271
212 275
212 278
212 280
212 286
212 287
212 288
212 290
212 293
212 295
212 299
212 302
212 303
212 304
212 312
212 314
212 317
212 322
213 216
213 217
213 232
213 245
213 268
213 269
213 274
213 278
213 284
213 285
213 289
213 296
213 308
213 322
214 215
214 230
214 233
214 238
214 240
214 260
214 263
214 264
214 266
214 268
214 272
214 280
214 284
214 285
214 287
214 289
214 290
214 292
214 295
214 304
214 310
214 312
214 313
214 316
214 322
215 218
215 219
215 220
215 225
215 228
215 229
215 230
215 233
215 238
215 263
215 264
215 272
215 273
215 277
215 280
215 283
215 290
215 291
215 294
215 304
215 305
215 312
215 313
215 318
215 319
215 321
215 322
216 224
216 233
216 238
216 245
216 249
216 251
216 260
216 264
216 274
216 284
216 285
216 286
216 287
216 295
216 299
216 300
216 304
216 308
216 310
216 314
217 219
217 224
217 225
217 228
217 233
217 238
217 261
217 264
217 267
217 272
217 294
217 305
217 308
217 318
217 321
218 221
218 223
218 229
218 230
218 232
218 237
218 244
218 261
218 275
218 280
218 290
218 292
218 300
218 310
218 313
218 316
218 322
219 220
219 225
219 228
219 233
219 238
219 255
219 264
219 267
219 272
219 273
219 280
219 283
219 285
219 291
219 294
219 305
219 306
219 318
219 321
220 225
220 228
220 233
220 238
220 239
220 240
220 260
220 264
220 267
220 268
220 272
220 273
220 283
220 295
220 305
220 318
221 230
221 261
221 280
221 290
221 313
223 229
223 244
223 258
223 280
223 293
223 300
223 303
223 323
224 226
224 231
224 245
224 249
224 251
224 263
224 277
224 286
224 288
224 290
224 299
224 300
224 302
224 303
224 304
224 314
224 320
224 322
225 228
225 233
225 238
225 255
225 264
225 267
225 272
225 273
225 277
225 280
225 283
225 291
225 294
225 305
225 306
225 318
225 319
225 321
226 245
226 246
226 249
226 251
226 261
226 263
226 271
226 275
226 278
226 280
226 286
226 290
226 299
226 302
226 303
226 304
226 312
226 314
226 320
226 322
227 259
227 301
228 233
228 238
228 253
228 255
228 257
228 264
228 267
228 272
228 273
228 280
228 283
228 291
228 305
228 318
228 321
229 230
229 235
229 239
229 244
229 252
229 258
229 275
229 280
229 286
229 293
229 300
229 303
229 322
229 323
230 258
230 263
230 280
230 290
230 291
230 293
230 316
231 245
231 246
231 254
231 263
231 276
231 280
231 286
231 287
231 288
231 290
231 299
231 303
231 304
231 309
231 314
231 320
231 322
232 237
232 242
232 245
232 250
232 258
232 261
232 263
232 268
232 280
232 286
232 303
232 308
232 309
232 310
232 313
232 316
232 321
233 234
233 238
233 239
233 240
233 245
233 250
233 253
233 255
233 257
233 258
233 260
233 262
233 263
233 264
233 267
233 268
233 272
233 273
233 283
233 285
233 291
233 294
233 295
233 299
233 304
233 305
233 308
233 315
233 317
233 318
233 322
234 238
234 240
234 255
234 262
234 264
234 272
234 290
234 305
234 308
234 316
234 318
235 261
235 323
236 256
236 276
236 299
236 302
236 304
236 307
236 311
236 314
237 261
237 268
237 274
237 280
237 286
237 290
237 292
237 313
237 316
238 240
238 255
238 257
238 260
238 264
238 272
238 273
238 280
238 283
238 285
238 291
238 294
238 300
238 305
238 317
238 318
238 321
239 240
239 260
239 262
239 264
239 267
239 272
239 278
239 289
239 290
239 310
239 318
240 245
240 260
240 262
240 263
240 264
240 265
240 272
240 273
240 280
240 285
240 291
240 294
240 295
240 305
240 312
240 317
240 318
240 319
240 321
241 246
241 263
241 275
241 280
241 286
241 290
241 322
242 244
242 255
242 261
242 263
242 282
242 291
242 308
242 316
242 323
244 280
244 323
245 246
245 249
245 251
245 254
245 258
245 260
245 263
245 264
245 271
245 277
245 278
245 280
245 286
245 287
245 288
245 290
245 293
245 299
245 300
245 302
245 303
245 304
245 305
245 309
245 312
245 314
245 320
245 322
246 249
246 258
246 275
246 280
246 286
246 290
246 299
246 300
246 303
246 304
246 314
246 322
248 266
249 251
249 254
249 260
249 263
249 264
249 271
249 278
249 286
249 287
249 290
249 295
249 299
249 302
249 303
249 304
249 312
249 314
249 320
249 322
250 258
250 272
250 274
250 280
250 295
250 316
251 263
251 271
251 286
251 290
251 299
251 300
251 302
251 304
251 314
251 320
252 261
252 279
252 323
253 260
253 264
253 272
253 273
253 280
253 305
253 318
254 286
254 290
254 299
254 303
254 304
254 314
255 257
255 261
255 262
255 264
255 269
255 277
255 280
255 282
255 291
255 294
255 305
255 308
255 309
255 316
255 317
255 318
256 276
256 307
256 311
256 314
257 263
257 264
257 272
257 286
257 293
257 294
257 300
257 303
257 304
257 317
257 320
258 260
258 261
258 266
258 278
258 280
258 286
258 290
258 291
258 297
258 308
258 316
259 261
259 301
260 263
260 264
260 268
260 272
260 277
260 278
260 280
260 286
260 287
260 289
260 290
260 291
260 299
260 302
260 304
260 305
260 310
260 312
260 314
260 316
260 318
260 320
260 322
261 264
261 279
261 280
261 282
261 284
261 290
261 293
261 308
261 313
261 315
262 264
262 265
262 267
262 272
262 305
262 308
262 318
263 264
263 277
263 278
263 280
263 286
263 288
263 290
263 293
263 299
263 300
263 302
263 303
263 314
263 320
263 322
264 267
264 272
264 273
264 282
264 283
264 285
264 291
264 294
264 296
264 302
264 305
264 312
264 317
264 318
264 319
264 321
264 322
265 272
265 308
265 318
267 269
267 272
267 273
267 316
267 319
267 321
268 274
268 280
268 284
268 291
268 308
268 310
268 313
268 316
268 323
269 308
270 274
271 278
271 286
271 290
271 295
271 299
271 312
272 273
272 283
272 285
272 287
272 290
272 305
272 310
272 312
272 313
272 318
273 280
273 283
273 303
273 305
273 313
273 317
273 319
273 321
274 284
274 289
274 310
275 280
275 286
275 300
275 302
275 322
276 290
276 299
276 307
276 311
276 314
277 280
277 281
277 286
277 314
277 320
278 295
278 299
278 301
278 302
278 304
278 312
278 314
280 286
280 289
280 290
280 291
280 293
280 297
280 300
280 303
280 306
280 310
280 313
280 316
280 317
280 322
281 320
282 291
283 305
283 318
283 321
284 289
284 296
285 305
285 312
286 287
286 288
286 290
286 295
286 299
286 300
286 302
286 303
286 304
286 309
286 312
286 314
286 320
286 322
287 295
287 299
287 302
287 304
287 312
287 314
287 322
288 290
288 300
288 303
288 304
288 309
288 314
288 320
289 296
289 310
289 316
290 295
290 299
290 300
290 301
290 302
290 303
290 304
290 312
290 313
290 314
290 316
290 322
291 294
291 305
291 319
292 310
292 313
293 303
293 304
293 322
294 318
294 321
295 299
295 302
295 304
295 314
297 316
299 300
299 302
299 303
299 304
299 309
299 311
299 312
299 314
299 320
299 322
300 303
300 314
300 320
300 322
302 304
302 312
302 314
302 322
303 304
303 309
303 314
303 317
303 320
304 307
304 311
304 312
304 314
304 320
304 322
305 317
305 318
305 321
307 311
307 314
308 316
308 318
309 314
309 320
310 316
311 314
312 314
312 322
313 315
313 316
314 320
314 322
315 316
316 318
317 318
318 321
318 322
320 322
