0,
2,
3,
4,
5,
6,
7,
8,
9,
10,
11,
12,
13,
14,
15,
16,
17,
18,
19,
20,
21,
22,
23,
24,
25,
26,
27,
28,
29,
30,
31,
32,
33,
34,
35,
36,
37,
38,
39,
40,
41,
42,
43,
44,
45,
46,
47,
48,
49,
50,
51,
52,
53,
54,
55,
56,
57,
58,
59,
60,
61,
62,
63,
64,
65,
69,
86,
87,
113,
120,
121,
147,
148,
151,
153,
154,
165,
168,
169,
173,
174,
186,
188,
190,
197,
199,
203,
208,
209,
214,
216,
223,
227,
229,
234,
235,
242,
243,
245,
248,
250,
259,
260,
263,
266,
268,
269,
270,
271,
274,
278,
281,
283,
284,
287,
289,
290,
292,
293,
295,
296,
297,
298,
301,
304,
305,
309,
311,
318,1,66,67,68,70,71,72,73,74,75,76,77,78,79,80,81,82,83,84,85,88,89,90,91,92,93,94,95,96,97,98,99,100,101,102,103,104,105,106,107,108,109,110,111,112,114,115,116,117,118,119,122,123,124,125,126,127,128,129,130,131,132,133,134,135,136,137,138,139,140,141,142,143,144,145,146,149,150,152,155,156,157,158,159,160,161,162,163,164,166,167,170,171,172,175,176,177,178,179,180,181,182,183,184,185,187,189,191,192,193,194,195,196,198,200,201,202,204,205,206,207,210,211,212,213,215,217,218,219,220,221,222,224,225,226,228,230,231,232,233,236,237,238,239,240,241,244,246,247,249,251,252,253,254,255,256,257,258,261,262,264,265,267,272,273,275,276,277,279,280,282,285,286,288,291,294,299,300,302,303,306,307,308,310,312,313,314,315,316,317,