0,
1,
3,
5,
7,
8,
9,
10,
12,
14,
25,
28,
35,
50,
71,
86,
92,
107,
109,
110,
118,
122,
131,
139,
173,
177,
183,
184,
186,
188,
198,
202,
203,
206,
223,
230,
235,
256,
261,
270,
275,
279,
281,
283,
296,
301,
304,
306,
315,2,4,6,11,13,15,16,17,18,19,20,21,22,23,24,26,27,29,30,31,32,33,34,36,37,38,39,40,41,42,43,44,45,46,47,48,49,51,52,53,54,55,56,57,58,59,60,61,62,63,64,65,66,67,68,69,70,72,73,74,75,76,77,78,79,80,81,82,83,84,85,87,88,89,90,91,93,94,95,96,97,98,99,100,101,102,103,104,105,106,108,111,112,113,114,115,116,117,119,120,121,123,124,125,126,127,128,129,130,132,133,134,135,136,137,138,140,141,142,143,144,145,146,147,148,149,150,151,152,153,154,155,156,157,158,159,160,161,162,163,164,165,166,167,168,169,170,171,172,174,175,176,178,179,180,181,182,185,187,189,190,191,192,193,194,195,196,197,199,200,201,204,205,207,208,209,210,211,212,213,214,215,216,217,218,219,220,221,222,224,225,226,227,228,229,231,232,233,234,236,237,238,239,240,241,242,243,244,245,246,247,248,249,250,251,252,253,254,255,257,258,259,260,262,263,264,265,266,267,268,269,271,272,273,274,276,277,278,280,282,284,285,286,287,288,289,290,291,292,293,294,295,297,298,299,300,302,303,305,307,308,309,310,311,312,313,314,